1 9
2 34
3 7
4 15
5 28
6 32
7 35
8 7
9 27
10 17
11 29
12 14
13 4
14 9
15 20
16 28
17 22
18 33
19 31
20 34
21 40
22 8
23 23
24 16
25 24
26 10
27 11
28 40
29 19
30 40
31 36
32 28
33 20
34 5
35 21
36 1
37 20
38 29
39 9
40 40
41 15
42 26
43 31
44 28
45 36
46 25
47 34
48 5
49 13
50 27
51 15
52 23
53 14
54 22
55 21
56 20
57 33
58 9
59 22
60 31
61 21
62 1
63 14
64 27
65 28
66 34
67 35
68 24
69 30
70 25
71 1
72 6
73 19
74 39
75 14
76 31
77 23
78 29
79 17
80 18
81 28
82 40
83 23
84 31
85 38
86 21
87 2
88 40
89 19
90 29
91 12
92 25
93 17
94 9
95 37
96 29
97 34
98 18
99 37
100 17
101 13
102 34
103 12
104 27
105 3
106 38
107 38
108 11
109 25
110 2
111 8
112 24
113 24
114 1
115 27
116 18
117 1
118 13
119 3
120 20
121 32
122 6
123 39
124 13
125 22
126 29
127 14
128 9
129 30
130 3
131 8
132 19
133 39
134 16
135 14
136 26
137 33
138 34
139 10
140 1
141 36
142 13
143 35
144 24
145 22
146 6
147 35
148 15
149 15
150 32
151 34
152 15
153 17
154 3
155 36
156 7
157 3
158 13
159 31
160 30
161 28
162 38
163 32
164 25
165 11
166 18
167 37
168 13
169 18
170 6
171 15
172 18
173 23
174 9
175 16
176 33
177 3
178 15
179 20
180 26
181 12
182 14
183 22
184 25
185 23
186 8
187 8
188 32
189 32
190 38
191 6
192 11
193 7
194 12
195 5
196 24
197 8
198 4
199 13
200 19
201 15
202 20
203 4
204 7
205 10
206 10
207 33
208 26
209 19
210 18
211 5
212 25
213 38
214 1
215 32
216 35
217 6
218 22
219 22
220 36
221 8
222 11
223 23
224 8
225 17
226 22
227 33
228 5
229 38
230 24
231 40
232 38
233 2
234 5
235 16
236 37
237 18
238 38
239 24
240 7
241 31
242 24
243 20
244 13
245 23
246 4
247 4
248 10
249 11
250 16
251 30
252 2
253 29
254 27
255 30
256 26
257 34
258 25
259 12
260 21
261 7
262 10
263 3
264 4
265 19
266 17
267 30
268 3
269 15
270 26
271 8
272 27
273 32
274 11
275 4
276 36
277 1
278 10
279 13
280 16
281 26
282 30
283 37
284 16
285 26
286 21
287 35
288 21
289 37
290 17
291 7
292 2
293 9
294 3
295 14
296 33
297 12
298 6
299 27
300 40
301 19
302 33
303 2
304 7
305 7
306 2
307 32
308 32
309 36
310 25
311 11
312 31
313 34
314 38
315 21
316 29
317 21
318 17
319 36
320 2
321 23
322 39
323 2
324 33
325 29
326 13
327 37
328 28
329 1
330 22
331 20
332 39
333 40
334 31
335 16
336 28
337 1
338 22
339 11
340 40
341 5
342 27
343 1
344 14
345 18
346 39
347 14
348 16
349 10
350 37
351 25
352 19
353 9
354 6
355 39
356 39
357 23
358 16
359 35
360 20
361 30
362 33
363 39
364 35
365 18
366 14
367 9
368 9
369 12
370 3
371 35
372 5
373 38
374 33
375 39
376 37
377 21
378 2
379 36
380 11
381 4
382 15
383 10
384 30
385 11
386 4
387 5
388 29
389 10
390 8
391 12
392 26
393 35
394 18
395 23
396 29
397 6
398 12
399 5
400 24
