1 9
2 2
3 10
4 7
5 2
6 4
7 2
8 7
9 7
10 7
11 2
12 5
13 10
14 5
15 8
16 3
17 1
18 4
19 10
20 4
21 6
22 2
23 10
24 3
25 2
26 4
27 1
28 3
29 6
30 1
31 8
32 8
33 5
34 5
35 5
36 9
37 5
38 1
39 4
40 6
41 7
42 10
43 9
44 7
45 9
46 3
47 6
48 3
49 2
50 7
51 4
52 10
53 6
54 2
55 2
56 5
57 2
58 5
59 1
60 8
61 9
62 7
63 1
64 5
65 9
66 4
67 10
68 9
69 1
70 4
71 6
72 9
73 1
74 3
75 7
76 3
77 8
78 7
79 6
80 4
81 10
82 3
83 10
84 2
85 5
86 3
87 9
88 9
89 10
90 6
91 10
92 3
93 1
94 1
95 8
96 8
97 5
98 6
99 8
100 8
