1 30
2 11
3 17
4 37
5 23
6 31
7 13
8 35
9 32
10 14
11 34
12 33
13 16
14 14
15 2
16 37
17 37
18 13
19 40
20 16
21 11
22 15
23 7
24 8
25 24
26 33
27 27
28 20
29 21
30 34
31 26
32 5
33 33
34 19
35 20
36 17
37 35
38 11
39 39
40 21
41 5
42 2
43 1
44 31
45 8
46 21
47 1
48 5
49 21
50 13
51 33
52 15
53 2
54 3
55 1
56 9
57 2
58 30
59 29
60 7
61 10
62 24
63 22
64 23
65 6
66 40
67 15
68 35
69 5
70 25
71 25
72 18
73 28
74 39
75 6
76 40
77 26
78 20
79 4
80 25
81 34
82 25
83 18
84 7
85 12
86 25
87 19
88 34
89 29
90 5
91 2
92 13
93 37
94 24
95 28
96 23
97 29
98 21
99 6
100 13
101 36
102 37
103 8
104 35
105 13
106 27
107 2
108 20
109 5
110 38
111 1
112 39
113 37
114 23
115 29
116 1
117 36
118 26
119 22
120 23
121 32
122 15
123 8
124 9
125 35
126 7
127 25
128 5
129 15
130 1
131 32
132 9
133 5
134 38
135 28
136 19
137 14
138 4
139 25
140 20
141 4
142 9
143 8
144 40
145 30
146 7
147 35
148 23
149 24
150 29
151 10
152 6
153 18
154 7
155 13
156 38
157 22
158 22
159 19
160 31
161 38
162 23
163 31
164 18
165 11
166 11
167 27
168 3
169 10
170 20
171 37
172 6
173 24
174 22
175 2
176 28
177 33
178 4
179 26
180 28
181 22
182 31
183 17
184 32
185 17
186 10
187 29
188 17
189 27
190 7
191 20
192 5
193 38
194 16
195 8
196 38
197 2
198 13
199 8
200 31
201 36
202 34
203 12
204 23
205 15
206 16
207 37
208 36
209 18
210 26
211 22
212 21
213 19
214 18
215 3
216 40
217 40
218 27
219 14
220 26
221 4
222 13
223 36
224 27
225 25
226 17
227 15
228 14
229 30
230 28
231 32
232 7
233 15
234 3
235 26
236 34
237 11
238 6
239 30
240 28
241 33
242 40
243 35
244 39
245 9
246 29
247 32
248 17
249 2
250 15
251 17
252 21
253 4
254 10
255 8
256 10
257 14
258 38
259 3
260 35
261 37
262 40
263 27
264 6
265 32
266 32
267 38
268 36
269 5
270 12
271 30
272 9
273 30
274 18
275 39
276 21
277 33
278 12
279 34
280 1
281 24
282 16
283 12
284 1
285 33
286 18
287 4
288 20
289 24
290 14
291 8
292 8
293 34
294 23
295 37
296 18
297 6
298 10
299 33
300 27
301 34
302 20
303 1
304 12
305 3
306 5
307 26
308 29
309 3
310 22
311 21
312 17
313 24
314 27
315 13
316 4
317 40
318 19
319 16
320 9
321 12
322 30
323 31
324 39
325 9
326 38
327 24
328 30
329 18
330 11
331 18
332 26
333 27
334 34
335 31
336 3
337 19
338 16
339 14
340 2
341 31
342 14
343 40
344 28
345 35
346 30
347 11
348 36
349 10
350 1
351 14
352 4
353 12
354 36
355 13
356 26
357 4
358 6
359 25
360 15
361 10
362 3
363 32
364 14
365 20
366 25
367 7
368 37
369 16
370 10
371 12
372 9
373 28
374 31
375 19
376 39
377 10
378 16
379 36
380 17
381 27
382 38
383 17
384 31
385 23
386 1
387 7
388 39
389 25
390 26
391 32
392 9
393 29
394 39
395 22
396 19
397 11
398 2
399 9
400 38
