1 5
2 11
3 3
4 19
5 1
6 3
7 5
8 15
9 1
10 5
11 11
12 5
13 13
14 18
15 15
16 18
17 6
18 9
19 2
20 11
21 16
22 4
23 18
24 1
25 7
26 3
27 9
28 12
29 20
30 11
31 8
32 15
33 5
34 9
35 10
36 9
37 14
38 4
39 10
40 1
41 19
42 20
43 6
44 20
45 14
46 3
47 10
48 3
49 13
50 2
51 13
52 2
53 6
54 13
55 18
56 12
57 10
58 4
59 8
60 3
61 20
62 12
63 20
64 5
65 6
66 20
67 13
68 3
69 9
70 7
71 1
72 11
73 17
74 4
75 12
76 17
77 20
78 9
79 16
80 12
81 8
82 7
83 11
84 16
85 16
86 14
87 18
88 16
89 5
90 13
91 8
92 14
93 16
94 11
95 15
96 6
97 14
98 4
99 16
100 4
101 6
102 20
103 2
104 10
105 19
106 7
107 14
108 1
109 6
110 20
111 8
112 13
113 12
114 2
115 1
116 1
117 4
118 6
119 3
120 2
121 7
122 9
123 3
124 14
125 7
126 15
127 6
128 19
129 19
130 8
131 18
132 7
133 9
134 16
135 17
136 20
137 19
138 12
139 19
140 17
141 16
142 8
143 5
144 19
145 14
146 9
147 15
148 11
149 4
150 12
151 11
152 7
153 18
154 19
155 17
156 10
157 18
158 16
159 4
160 13
161 8
162 11
163 12
164 8
165 4
166 1
167 10
168 14
169 2
170 18
171 17
172 8
173 10
174 10
175 7
176 1
177 17
178 14
179 16
180 15
181 11
182 19
183 1
184 17
185 7
186 5
187 15
188 7
189 6
190 17
191 8
192 13
193 10
194 20
195 2
196 6
197 10
198 13
199 15
200 2
