1 25
2 23
3 5
4 22
5 7
6 1
7 14
8 27
9 20
10 24
11 3
12 17
13 19
14 19
15 20
16 7
17 24
18 26
19 24
20 17
21 9
22 30
23 16
24 28
25 28
26 25
27 14
28 19
29 3
30 3
31 15
32 1
33 24
34 6
35 26
36 5
37 2
38 10
39 1
40 4
41 18
42 29
43 16
44 13
45 29
46 19
47 15
48 23
49 20
50 21
51 12
52 9
53 6
54 6
55 17
56 3
57 20
58 22
59 12
60 4
61 12
62 28
63 14
64 8
65 16
66 23
67 10
68 6
69 11
70 7
71 5
72 21
73 8
74 4
75 28
76 16
77 24
78 10
79 30
80 5
81 5
82 29
83 14
84 18
85 8
86 19
87 16
88 4
89 23
90 2
91 21
92 6
93 30
94 13
95 10
96 11
97 21
98 8
99 13
100 22
101 10
102 18
103 19
104 9
105 7
106 27
107 26
108 6
109 14
110 11
111 17
112 24
113 18
114 2
115 16
116 26
117 26
118 27
119 4
120 29
121 4
122 14
123 11
124 15
125 1
126 9
127 23
128 13
129 13
130 27
131 7
132 4
133 17
134 7
135 24
136 12
137 6
138 1
139 3
140 2
141 24
142 26
143 17
144 15
145 20
146 10
147 9
148 6
149 24
150 17
151 3
152 15
153 17
154 10
155 27
156 28
157 21
158 20
159 28
160 17
161 1
162 22
163 5
164 19
165 11
166 10
167 23
168 5
169 13
170 19
171 20
172 16
173 25
174 21
175 12
176 12
177 16
178 8
179 27
180 22
181 15
182 3
183 29
184 3
185 12
186 21
187 2
188 20
189 25
190 27
191 15
192 25
193 24
194 7
195 9
196 9
197 1
198 1
199 30
200 11
201 22
202 12
203 13
204 14
205 18
206 10
207 25
208 7
209 18
210 25
211 30
212 26
213 18
214 16
215 5
216 26
217 25
218 5
219 18
220 12
221 22
222 15
223 23
224 28
225 6
226 12
227 4
228 21
229 5
230 29
231 7
232 4
233 22
234 29
235 8
236 23
237 18
238 1
239 21
240 7
241 29
242 9
243 26
244 9
245 20
246 15
247 25
248 11
249 12
250 22
251 30
252 27
253 15
254 2
255 23
256 16
257 19
258 13
259 2
260 11
261 30
262 2
263 10
264 30
265 27
266 13
267 8
268 27
269 15
270 26
271 26
272 2
273 21
274 27
275 8
276 4
277 1
278 11
279 14
280 8
281 11
282 14
283 25
284 28
285 9
286 20
287 17
288 30
289 28
290 9
291 29
292 19
293 2
294 13
295 29
296 17
297 25
298 6
299 20
300 3
