1 17
2 9
3 21
4 26
5 6
6 10
7 25
8 14
9 2
10 10
11 11
12 24
13 17
14 15
15 2
16 16
17 2
18 29
19 18
20 11
21 9
22 5
23 15
24 8
25 4
26 4
27 7
28 15
29 8
30 23
31 6
32 21
33 22
34 12
35 19
36 11
37 11
38 27
39 28
40 21
41 1
42 21
43 13
44 27
45 3
46 27
47 6
48 7
49 18
50 5
51 15
52 20
53 7
54 30
55 21
56 24
57 30
58 12
59 7
60 23
61 2
62 26
63 3
64 2
65 26
66 4
67 27
68 23
69 9
70 1
71 19
72 24
73 28
74 25
75 24
76 19
77 13
78 23
79 1
80 1
81 2
82 4
83 3
84 13
85 20
86 15
87 14
88 2
89 3
90 19
91 6
92 1
93 24
94 27
95 18
96 21
97 10
98 14
99 10
100 11
101 6
102 1
103 24
104 21
105 1
106 18
107 16
108 26
109 26
110 3
111 15
112 5
113 21
114 12
115 14
116 4
117 22
118 5
119 30
120 23
121 25
122 22
123 24
124 21
125 17
126 1
127 20
128 27
129 22
130 13
131 8
132 11
133 27
134 13
135 16
136 20
137 17
138 7
139 13
140 19
141 16
142 30
143 17
144 22
145 3
146 23
147 30
148 2
149 17
150 24
151 10
152 5
153 9
154 30
155 27
156 19
157 26
158 21
159 10
160 6
161 22
162 20
163 11
164 16
165 16
166 6
167 6
168 24
169 28
170 23
171 11
172 2
173 28
174 26
175 23
176 8
177 3
178 28
179 12
180 14
181 30
182 8
183 7
184 19
185 7
186 15
187 13
188 22
189 15
190 25
191 18
192 14
193 4
194 19
195 18
196 29
197 29
198 18
199 6
200 27
201 3
202 7
203 21
204 10
205 12
206 28
207 29
208 29
209 12
210 17
211 20
212 7
213 22
214 30
215 26
216 4
217 6
218 20
219 27
220 16
221 4
222 15
223 23
224 30
225 19
226 17
227 1
228 14
229 15
230 9
231 25
232 25
233 8
234 11
235 22
236 8
237 27
238 19
239 13
240 29
241 11
242 17
243 20
244 18
245 25
246 24
247 25
248 5
249 15
250 25
251 23
252 9
253 28
254 8
255 29
256 1
257 12
258 5
259 6
260 12
261 5
262 13
263 4
264 17
265 9
266 10
267 9
268 14
269 19
270 2
271 16
272 22
273 28
274 29
275 3
276 29
277 14
278 5
279 20
280 25
281 18
282 29
283 10
284 7
285 30
286 16
287 8
288 28
289 11
290 23
291 9
292 3
293 26
294 22
295 2
296 25
297 14
298 29
299 12
300 28
