1 4
2 9
3 2
4 6
5 7
6 9
7 8
8 3
9 7
10 7
11 1
12 1
13 3
14 9
15 5
16 4
17 3
18 7
19 8
20 8
21 2
22 3
23 8
24 7
25 1
26 4
27 9
28 10
29 7
30 10
31 6
32 5
33 3
34 10
35 5
36 3
37 1
38 3
39 6
40 8
41 2
42 4
43 7
44 1
45 10
46 8
47 8
48 6
49 2
50 6
51 5
52 1
53 1
54 6
55 1
56 8
57 6
58 10
59 2
60 4
61 5
62 3
63 3
64 10
65 4
66 8
67 7
68 9
69 9
70 4
71 9
72 5
73 9
74 10
75 4
76 3
77 4
78 1
79 1
80 2
81 5
82 2
83 8
84 8
85 10
86 5
87 6
88 9
89 4
90 10
91 4
92 5
93 2
94 2
95 6
96 10
97 10
98 1
99 9
100 7
