1 11
2 12
3 19
4 11
5 10
6 18
7 15
8 18
9 10
10 8
11 3
12 3
13 10
14 18
15 15
16 1
17 2
18 17
19 15
20 14
21 1
22 4
23 20
24 13
25 7
26 6
27 5
28 4
29 16
30 17
31 18
32 5
33 5
34 12
35 16
36 9
37 16
38 5
39 19
40 20
41 8
42 1
43 13
44 8
45 18
46 6
47 15
48 14
49 17
50 11
51 10
52 15
53 10
54 10
55 7
56 16
57 20
58 7
59 8
60 12
61 13
62 3
63 2
64 1
65 12
66 11
67 19
68 10
69 19
70 4
71 3
72 17
73 16
74 17
75 19
76 4
77 10
78 14
79 5
80 2
81 6
82 3
83 4
84 14
85 19
86 2
87 3
88 12
89 17
90 10
91 20
92 5
93 20
94 12
95 1
96 13
97 1
98 4
99 11
100 1
101 16
102 7
103 20
104 15
105 11
106 14
107 2
108 4
109 18
110 13
111 12
112 13
113 9
114 13
115 19
116 10
117 9
118 14
119 9
120 5
121 4
122 15
123 18
124 12
125 18
126 16
127 3
128 14
129 8
130 7
131 8
132 14
133 17
134 6
135 19
136 8
137 9
138 7
139 18
140 18
141 17
142 7
143 1
144 8
145 11
146 2
147 5
148 2
149 13
150 4
151 1
152 17
153 16
154 15
155 20
156 1
157 14
158 3
159 5
160 13
161 7
162 6
163 6
164 15
165 17
166 20
167 6
168 11
169 9
170 4
171 2
172 19
173 9
174 8
175 20
176 2
177 15
178 11
179 12
180 6
181 6
182 15
183 19
184 8
185 11
186 6
187 3
188 5
189 5
190 12
191 9
192 2
193 13
194 1
195 3
196 16
197 7
198 9
199 11
200 3
